/*--------------------------------*- C++ -*----------------------------------*\
  =========                 |
  \\      /  F ield         | OpenFOAM: The Open Source CFD Toolbox
   \\    /   O peration     | Website:  https://openfoam.org
    \\  /    A nd           | Version:  13
     \\/     M anipulation  |
\*---------------------------------------------------------------------------*/
FoamFile
{
    format      ascii;
    class       faceList;
    location    "constant/polyMesh";
    object      faces;
}
// * * * * * * * * * * * * * * * * * * * * * * * * * * * * * * * * * * * * * //


818
(
4(75 76 175 228)
4(226 177 76 75)
4(56 95 174 229)
4(75 76 95 56)
4(37 114 173 230)
4(56 95 114 37)
4(18 133 172 231)
4(37 114 133 18)
4(18 133 170 233)
4(75 74 77 76)
4(74 225 178 77)
4(55 96 95 56)
4(74 77 96 55)
4(36 115 114 37)
4(55 96 115 36)
4(17 134 133 18)
4(36 115 134 17)
4(17 134 169 234)
4(74 73 78 77)
4(73 224 179 78)
4(54 97 96 55)
4(73 78 97 54)
4(35 116 115 36)
4(54 97 116 35)
4(16 135 134 17)
4(35 116 135 16)
4(16 135 168 235)
4(73 72 79 78)
4(72 223 180 79)
4(53 98 97 54)
4(72 79 98 53)
4(34 117 116 35)
4(53 98 117 34)
4(15 136 135 16)
4(34 117 136 15)
4(15 136 167 236)
4(72 71 80 79)
4(71 222 181 80)
4(52 99 98 53)
4(71 80 99 52)
4(33 118 117 34)
4(52 99 118 33)
4(14 137 136 15)
4(33 118 137 14)
4(14 137 166 237)
4(71 70 81 80)
4(70 221 182 81)
4(51 100 99 52)
4(70 81 100 51)
4(32 119 118 33)
4(51 100 119 32)
4(13 138 137 14)
4(32 119 138 13)
4(13 138 165 238)
4(70 69 82 81)
4(69 220 183 82)
4(50 101 100 51)
4(69 82 101 50)
4(31 120 119 32)
4(50 101 120 31)
4(12 139 138 13)
4(31 120 139 12)
4(12 139 164 239)
4(69 68 83 82)
4(68 219 184 83)
4(49 102 101 50)
4(68 83 102 49)
4(30 121 120 31)
4(49 102 121 30)
4(11 140 139 12)
4(30 121 140 11)
4(11 140 163 240)
4(68 67 84 83)
4(67 218 185 84)
4(48 103 102 49)
4(67 84 103 48)
4(29 122 121 30)
4(48 103 122 29)
4(10 141 140 11)
4(29 122 141 10)
4(10 141 162 241)
4(67 66 85 84)
4(66 217 186 85)
4(47 104 103 48)
4(66 85 104 47)
4(28 123 122 29)
4(47 104 123 28)
4(9 142 141 10)
4(28 123 142 9)
4(9 142 161 242)
4(66 65 86 85)
4(65 216 187 86)
4(46 105 104 47)
4(65 86 105 46)
4(27 124 123 28)
4(46 105 124 27)
4(8 143 142 9)
4(27 124 143 8)
4(8 143 160 243)
4(65 64 87 86)
4(64 215 188 87)
4(45 106 105 46)
4(64 87 106 45)
4(26 125 124 27)
4(45 106 125 26)
4(7 144 143 8)
4(26 125 144 7)
4(7 144 159 244)
4(64 63 88 87)
4(63 214 189 88)
4(44 107 106 45)
4(63 88 107 44)
4(25 126 125 26)
4(44 107 126 25)
4(6 145 144 7)
4(25 126 145 6)
4(6 145 158 245)
4(63 62 89 88)
4(62 213 190 89)
4(43 108 107 44)
4(62 89 108 43)
4(24 127 126 25)
4(43 108 127 24)
4(5 146 145 6)
4(24 127 146 5)
4(5 146 157 246)
4(62 61 90 89)
4(61 212 191 90)
4(42 109 108 43)
4(61 90 109 42)
4(23 128 127 24)
4(42 109 128 23)
4(4 147 146 5)
4(23 128 147 4)
4(4 147 156 247)
4(61 60 91 90)
4(60 211 192 91)
4(41 110 109 42)
4(60 91 110 41)
4(22 129 128 23)
4(41 110 129 22)
4(3 148 147 4)
4(22 129 148 3)
4(3 148 155 248)
4(60 59 92 91)
4(59 210 193 92)
4(40 111 110 41)
4(59 92 111 40)
4(21 130 129 22)
4(40 111 130 21)
4(2 149 148 3)
4(21 130 149 2)
4(2 149 154 249)
4(59 58 93 92)
4(58 209 194 93)
4(39 112 111 40)
4(58 93 112 39)
4(20 131 130 21)
4(39 112 131 20)
4(1 150 149 2)
4(20 131 150 1)
4(1 150 153 250)
4(58 57 94 93)
4(57 208 195 94)
4(38 113 112 39)
4(57 94 113 38)
4(19 132 131 20)
4(38 113 132 19)
4(0 151 150 1)
4(19 132 151 0)
4(0 151 152 251)
4(57 205 197 94)
4(38 204 198 113)
4(19 203 199 132)
4(0 202 200 151)
4(309 310 399 468)
4(466 401 310 309)
4(307 312 398 469)
4(309 310 312 307)
4(305 314 397 470)
4(307 312 314 305)
4(303 316 396 471)
4(305 314 316 303)
4(301 318 395 472)
4(303 316 318 301)
4(299 320 394 473)
4(301 318 320 299)
4(297 322 393 474)
4(299 320 322 297)
4(295 324 392 475)
4(297 322 324 295)
4(293 326 391 476)
4(295 324 326 293)
4(291 328 390 477)
4(293 326 328 291)
4(289 330 389 478)
4(291 328 330 289)
4(287 332 388 479)
4(289 330 332 287)
4(285 334 387 480)
4(287 332 334 285)
4(283 336 386 481)
4(285 334 336 283)
4(281 338 385 482)
4(283 336 338 281)
4(279 340 384 483)
4(281 338 340 279)
4(277 342 383 484)
4(279 340 342 277)
4(275 344 382 485)
4(277 342 344 275)
4(273 346 381 486)
4(275 344 346 273)
4(271 348 380 487)
4(273 346 348 271)
4(269 350 379 488)
4(271 348 350 269)
4(267 352 378 489)
4(269 350 352 267)
4(265 354 377 490)
4(267 352 354 265)
4(263 356 376 491)
4(265 354 356 263)
4(261 358 375 492)
4(263 356 358 261)
4(259 360 374 493)
4(261 358 360 259)
4(257 362 373 494)
4(259 360 362 257)
4(255 364 372 495)
4(257 362 364 255)
4(253 366 371 496)
4(255 364 366 253)
4(253 366 369 498)
4(309 308 311 310)
4(308 465 402 311)
4(306 313 312 307)
4(308 311 313 306)
4(304 315 314 305)
4(306 313 315 304)
4(302 317 316 303)
4(304 315 317 302)
4(300 319 318 301)
4(302 317 319 300)
4(298 321 320 299)
4(300 319 321 298)
4(296 323 322 297)
4(298 321 323 296)
4(294 325 324 295)
4(296 323 325 294)
4(292 327 326 293)
4(294 325 327 292)
4(290 329 328 291)
4(292 327 329 290)
4(288 331 330 289)
4(290 329 331 288)
4(286 333 332 287)
4(288 331 333 286)
4(284 335 334 285)
4(286 333 335 284)
4(282 337 336 283)
4(284 335 337 282)
4(280 339 338 281)
4(282 337 339 280)
4(278 341 340 279)
4(280 339 341 278)
4(276 343 342 277)
4(278 341 343 276)
4(274 345 344 275)
4(276 343 345 274)
4(272 347 346 273)
4(274 345 347 272)
4(270 349 348 271)
4(272 347 349 270)
4(268 351 350 269)
4(270 349 351 268)
4(266 353 352 267)
4(268 351 353 266)
4(264 355 354 265)
4(266 353 355 264)
4(262 357 356 263)
4(264 355 357 262)
4(260 359 358 261)
4(262 357 359 260)
4(258 361 360 259)
4(260 359 361 258)
4(256 363 362 257)
4(258 361 363 256)
4(254 365 364 255)
4(256 363 365 254)
4(252 367 366 253)
4(254 365 367 252)
4(252 367 368 499)
4(308 462 404 311)
4(306 461 405 313)
4(304 460 406 315)
4(302 459 407 317)
4(300 458 408 319)
4(298 457 409 321)
4(296 456 410 323)
4(294 455 411 325)
4(292 454 412 327)
4(290 453 413 329)
4(288 452 414 331)
4(286 451 415 333)
4(284 450 416 335)
4(282 449 417 337)
4(280 448 418 339)
4(278 447 419 341)
4(276 446 420 343)
4(274 445 421 345)
4(272 444 422 347)
4(270 443 423 349)
4(268 442 424 351)
4(266 441 425 353)
4(264 440 426 355)
4(262 439 427 357)
4(260 438 428 359)
4(258 437 429 361)
4(256 436 430 363)
4(254 435 431 365)
4(252 434 432 367)
4(498 369 370 497)
4(499 368 369 498)
4(499 463 433 368)
4(227 228 175 176)
4(228 229 174 175)
4(229 230 173 174)
4(230 231 172 173)
4(231 232 171 172)
4(467 468 399 400)
4(468 469 398 399)
4(469 470 397 398)
4(470 471 396 397)
4(471 472 395 396)
4(472 473 394 395)
4(473 474 393 394)
4(474 475 392 393)
4(475 476 391 392)
4(476 477 390 391)
4(477 478 389 390)
4(478 479 388 389)
4(479 480 387 388)
4(480 481 386 387)
4(481 482 385 386)
4(482 483 384 385)
4(483 484 383 384)
4(484 485 382 383)
4(485 486 381 382)
4(486 487 380 381)
4(487 488 379 380)
4(488 489 378 379)
4(489 490 377 378)
4(490 491 376 377)
4(491 492 375 376)
4(492 493 374 375)
4(493 494 373 374)
4(494 495 372 373)
4(495 496 371 372)
4(496 497 370 371)
4(233 170 171 232)
4(234 169 170 233)
4(235 168 169 234)
4(236 167 168 235)
4(237 166 167 236)
4(238 165 166 237)
4(239 164 165 238)
4(240 163 164 239)
4(241 162 163 240)
4(242 161 162 241)
4(243 160 161 242)
4(244 159 160 243)
4(245 158 159 244)
4(246 157 158 245)
4(247 156 157 246)
4(248 155 156 247)
4(249 154 155 248)
4(250 153 154 249)
4(251 152 153 250)
4(251 206 201 152)
4(466 467 400 401)
4(466 401 402 465)
4(465 402 403 464)
4(205 207 196 197)
4(204 205 197 198)
4(203 204 198 199)
4(202 203 199 200)
4(202 200 201 206)
4(466 309 468 467)
4(401 400 399 310)
4(309 307 469 468)
4(310 399 398 312)
4(307 305 470 469)
4(312 398 397 314)
4(305 303 471 470)
4(314 397 396 316)
4(303 301 472 471)
4(316 396 395 318)
4(301 299 473 472)
4(318 395 394 320)
4(299 297 474 473)
4(320 394 393 322)
4(297 295 475 474)
4(322 393 392 324)
4(295 293 476 475)
4(324 392 391 326)
4(293 291 477 476)
4(326 391 390 328)
4(291 289 478 477)
4(328 390 389 330)
4(289 287 479 478)
4(330 389 388 332)
4(287 285 480 479)
4(332 388 387 334)
4(285 283 481 480)
4(334 387 386 336)
4(283 281 482 481)
4(336 386 385 338)
4(281 279 483 482)
4(338 385 384 340)
4(279 277 484 483)
4(340 384 383 342)
4(277 275 485 484)
4(342 383 382 344)
4(275 273 486 485)
4(344 382 381 346)
4(273 271 487 486)
4(346 381 380 348)
4(271 269 488 487)
4(348 380 379 350)
4(269 267 489 488)
4(350 379 378 352)
4(267 265 490 489)
4(352 378 377 354)
4(265 263 491 490)
4(354 377 376 356)
4(263 261 492 491)
4(356 376 375 358)
4(261 259 493 492)
4(358 375 374 360)
4(259 257 494 493)
4(360 374 373 362)
4(257 255 495 494)
4(362 373 372 364)
4(255 253 496 495)
4(364 372 371 366)
4(253 498 497 496)
4(366 371 370 369)
4(309 466 465 308)
4(310 311 402 401)
4(308 306 307 309)
4(311 310 312 313)
4(306 304 305 307)
4(313 312 314 315)
4(304 302 303 305)
4(315 314 316 317)
4(302 300 301 303)
4(317 316 318 319)
4(300 298 299 301)
4(319 318 320 321)
4(298 296 297 299)
4(321 320 322 323)
4(296 294 295 297)
4(323 322 324 325)
4(294 292 293 295)
4(325 324 326 327)
4(292 290 291 293)
4(327 326 328 329)
4(290 288 289 291)
4(329 328 330 331)
4(288 286 287 289)
4(331 330 332 333)
4(286 284 285 287)
4(333 332 334 335)
4(284 282 283 285)
4(335 334 336 337)
4(282 280 281 283)
4(337 336 338 339)
4(280 278 279 281)
4(339 338 340 341)
4(278 276 277 279)
4(341 340 342 343)
4(276 274 275 277)
4(343 342 344 345)
4(274 272 273 275)
4(345 344 346 347)
4(272 270 271 273)
4(347 346 348 349)
4(270 268 269 271)
4(349 348 350 351)
4(268 266 267 269)
4(351 350 352 353)
4(266 264 265 267)
4(353 352 354 355)
4(264 262 263 265)
4(355 354 356 357)
4(262 260 261 263)
4(357 356 358 359)
4(260 258 259 261)
4(359 358 360 361)
4(258 256 257 259)
4(361 360 362 363)
4(256 254 255 257)
4(363 362 364 365)
4(254 252 253 255)
4(365 364 366 367)
4(252 499 498 253)
4(367 366 369 368)
4(308 465 464 462)
4(311 404 403 402)
4(306 308 462 461)
4(313 405 404 311)
4(304 306 461 460)
4(315 406 405 313)
4(302 304 460 459)
4(317 407 406 315)
4(300 302 459 458)
4(319 408 407 317)
4(298 300 458 457)
4(321 409 408 319)
4(296 298 457 456)
4(323 410 409 321)
4(294 296 456 455)
4(325 411 410 323)
4(292 294 455 454)
4(327 412 411 325)
4(290 292 454 453)
4(329 413 412 327)
4(288 290 453 452)
4(331 414 413 329)
4(286 288 452 451)
4(333 415 414 331)
4(284 286 451 450)
4(335 416 415 333)
4(282 284 450 449)
4(337 417 416 335)
4(280 282 449 448)
4(339 418 417 337)
4(278 280 448 447)
4(341 419 418 339)
4(276 278 447 446)
4(343 420 419 341)
4(274 276 446 445)
4(345 421 420 343)
4(272 274 445 444)
4(347 422 421 345)
4(270 272 444 443)
4(349 423 422 347)
4(268 270 443 442)
4(351 424 423 349)
4(266 268 442 441)
4(353 425 424 351)
4(264 266 441 440)
4(355 426 425 353)
4(262 264 440 439)
4(357 427 426 355)
4(260 262 439 438)
4(359 428 427 357)
4(258 260 438 437)
4(361 429 428 359)
4(256 258 437 436)
4(363 430 429 361)
4(254 256 436 435)
4(365 431 430 363)
4(252 254 435 434)
4(367 432 431 365)
4(252 434 463 499)
4(367 368 433 432)
4(226 75 228 227)
4(177 176 175 76)
4(75 56 229 228)
4(76 175 174 95)
4(56 37 230 229)
4(95 174 173 114)
4(37 18 231 230)
4(114 173 172 133)
4(18 233 232 231)
4(133 172 171 170)
4(75 226 225 74)
4(76 77 178 177)
4(74 55 56 75)
4(77 76 95 96)
4(55 36 37 56)
4(96 95 114 115)
4(36 17 18 37)
4(115 114 133 134)
4(17 234 233 18)
4(134 133 170 169)
4(74 225 224 73)
4(77 78 179 178)
4(73 54 55 74)
4(78 77 96 97)
4(54 35 36 55)
4(97 96 115 116)
4(35 16 17 36)
4(116 115 134 135)
4(16 235 234 17)
4(135 134 169 168)
4(73 224 223 72)
4(78 79 180 179)
4(72 53 54 73)
4(79 78 97 98)
4(53 34 35 54)
4(98 97 116 117)
4(34 15 16 35)
4(117 116 135 136)
4(15 236 235 16)
4(136 135 168 167)
4(72 223 222 71)
4(79 80 181 180)
4(71 52 53 72)
4(80 79 98 99)
4(52 33 34 53)
4(99 98 117 118)
4(33 14 15 34)
4(118 117 136 137)
4(14 237 236 15)
4(137 136 167 166)
4(71 222 221 70)
4(80 81 182 181)
4(70 51 52 71)
4(81 80 99 100)
4(51 32 33 52)
4(100 99 118 119)
4(32 13 14 33)
4(119 118 137 138)
4(13 238 237 14)
4(138 137 166 165)
4(70 221 220 69)
4(81 82 183 182)
4(69 50 51 70)
4(82 81 100 101)
4(50 31 32 51)
4(101 100 119 120)
4(31 12 13 32)
4(120 119 138 139)
4(12 239 238 13)
4(139 138 165 164)
4(69 220 219 68)
4(82 83 184 183)
4(68 49 50 69)
4(83 82 101 102)
4(49 30 31 50)
4(102 101 120 121)
4(30 11 12 31)
4(121 120 139 140)
4(11 240 239 12)
4(140 139 164 163)
4(68 219 218 67)
4(83 84 185 184)
4(67 48 49 68)
4(84 83 102 103)
4(48 29 30 49)
4(103 102 121 122)
4(29 10 11 30)
4(122 121 140 141)
4(10 241 240 11)
4(141 140 163 162)
4(67 218 217 66)
4(84 85 186 185)
4(66 47 48 67)
4(85 84 103 104)
4(47 28 29 48)
4(104 103 122 123)
4(28 9 10 29)
4(123 122 141 142)
4(9 242 241 10)
4(142 141 162 161)
4(66 217 216 65)
4(85 86 187 186)
4(65 46 47 66)
4(86 85 104 105)
4(46 27 28 47)
4(105 104 123 124)
4(27 8 9 28)
4(124 123 142 143)
4(8 243 242 9)
4(143 142 161 160)
4(65 216 215 64)
4(86 87 188 187)
4(64 45 46 65)
4(87 86 105 106)
4(45 26 27 46)
4(106 105 124 125)
4(26 7 8 27)
4(125 124 143 144)
4(7 244 243 8)
4(144 143 160 159)
4(64 215 214 63)
4(87 88 189 188)
4(63 44 45 64)
4(88 87 106 107)
4(44 25 26 45)
4(107 106 125 126)
4(25 6 7 26)
4(126 125 144 145)
4(6 245 244 7)
4(145 144 159 158)
4(63 214 213 62)
4(88 89 190 189)
4(62 43 44 63)
4(89 88 107 108)
4(43 24 25 44)
4(108 107 126 127)
4(24 5 6 25)
4(127 126 145 146)
4(5 246 245 6)
4(146 145 158 157)
4(62 213 212 61)
4(89 90 191 190)
4(61 42 43 62)
4(90 89 108 109)
4(42 23 24 43)
4(109 108 127 128)
4(23 4 5 24)
4(128 127 146 147)
4(4 247 246 5)
4(147 146 157 156)
4(61 212 211 60)
4(90 91 192 191)
4(60 41 42 61)
4(91 90 109 110)
4(41 22 23 42)
4(110 109 128 129)
4(22 3 4 23)
4(129 128 147 148)
4(3 248 247 4)
4(148 147 156 155)
4(60 211 210 59)
4(91 92 193 192)
4(59 40 41 60)
4(92 91 110 111)
4(40 21 22 41)
4(111 110 129 130)
4(21 2 3 22)
4(130 129 148 149)
4(2 249 248 3)
4(149 148 155 154)
4(59 210 209 58)
4(92 93 194 193)
4(58 39 40 59)
4(93 92 111 112)
4(39 20 21 40)
4(112 111 130 131)
4(20 1 2 21)
4(131 130 149 150)
4(1 250 249 2)
4(150 149 154 153)
4(58 209 208 57)
4(93 94 195 194)
4(57 38 39 58)
4(94 93 112 113)
4(38 19 20 39)
4(113 112 131 132)
4(19 0 1 20)
4(132 131 150 151)
4(0 251 250 1)
4(151 150 153 152)
4(57 208 207 205)
4(94 197 196 195)
4(38 57 205 204)
4(113 198 197 94)
4(19 38 204 203)
4(132 199 198 113)
4(0 19 203 202)
4(151 200 199 132)
4(0 202 206 251)
4(151 152 201 200)
4(226 227 176 177)
4(226 177 178 225)
4(225 178 179 224)
4(224 179 180 223)
4(223 180 181 222)
4(222 181 182 221)
4(221 182 183 220)
4(220 183 184 219)
4(219 184 185 218)
4(218 185 186 217)
4(217 186 187 216)
4(216 187 188 215)
4(215 188 189 214)
4(214 189 190 213)
4(213 190 191 212)
4(212 191 192 211)
4(211 192 193 210)
4(210 193 194 209)
4(209 194 195 208)
4(208 195 196 207)
4(462 464 403 404)
4(461 462 404 405)
4(460 461 405 406)
4(459 460 406 407)
4(458 459 407 408)
4(457 458 408 409)
4(456 457 409 410)
4(455 456 410 411)
4(454 455 411 412)
4(453 454 412 413)
4(452 453 413 414)
4(451 452 414 415)
4(450 451 415 416)
4(449 450 416 417)
4(448 449 417 418)
4(447 448 418 419)
4(446 447 419 420)
4(445 446 420 421)
4(444 445 421 422)
4(443 444 422 423)
4(442 443 423 424)
4(441 442 424 425)
4(440 441 425 426)
4(439 440 426 427)
4(438 439 427 428)
4(437 438 428 429)
4(436 437 429 430)
4(435 436 430 431)
4(434 435 431 432)
4(434 432 433 463)
)


// ************************************************************************* //
