/*--------------------------------*- C++ -*----------------------------------*\
  =========                 |
  \\      /  F ield         | OpenFOAM: The Open Source CFD Toolbox
   \\    /   O peration     | Website:  https://openfoam.org
    \\  /    A nd           | Version:  13
     \\/     M anipulation  |
\*---------------------------------------------------------------------------*/
FoamFile
{
    format      ascii;
    class       labelList;
    note        "nPoints:500  nCells:190  nFaces:818  nInternalFaces:322";
    location    "constant/polyMesh";
    object      neighbour;
}
// * * * * * * * * * * * * * * * * * * * * * * * * * * * * * * * * * * * * * //


322
(
1
5
2
6
3
7
4
8
9
6
10
7
11
8
12
9
13
14
11
15
12
16
13
17
14
18
19
16
20
17
21
18
22
19
23
24
21
25
22
26
23
27
24
28
29
26
30
27
31
28
32
29
33
34
31
35
32
36
33
37
34
38
39
36
40
37
41
38
42
39
43
44
41
45
42
46
43
47
44
48
49
46
50
47
51
48
52
49
53
54
51
55
52
56
53
57
54
58
59
56
60
57
61
58
62
59
63
64
61
65
62
66
63
67
64
68
69
66
70
67
71
68
72
69
73
74
71
75
72
76
73
77
74
78
79
76
80
77
81
78
82
79
83
84
81
85
82
86
83
87
84
88
89
86
90
87
91
88
92
89
93
94
91
95
92
96
93
97
94
98
99
96
97
98
99
101
130
102
131
103
132
104
133
105
134
106
135
107
136
108
137
109
138
110
139
111
140
112
141
113
142
114
143
115
144
116
145
117
146
118
147
119
148
120
149
121
150
122
151
123
152
124
153
125
154
126
155
127
156
128
157
129
158
159
131
160
132
161
133
162
134
163
135
164
136
165
137
166
138
167
139
168
140
169
141
170
142
171
143
172
144
173
145
174
146
175
147
176
148
177
149
178
150
179
151
180
152
181
153
182
154
183
155
184
156
185
157
186
158
187
159
188
189
161
162
163
164
165
166
167
168
169
170
171
172
173
174
175
176
177
178
179
180
181
182
183
184
185
186
187
188
189
)


// ************************************************************************* //
