/*--------------------------------*- C++ -*----------------------------------*\
  =========                 |
  \\      /  F ield         | OpenFOAM: The Open Source CFD Toolbox
   \\    /   O peration     | Website:  https://openfoam.org
    \\  /    A nd           | Version:  13
     \\/     M anipulation  |
\*---------------------------------------------------------------------------*/
FoamFile
{
    format      ascii;
    class       vectorField;
    location    "constant/polyMesh";
    object      points;
}
// * * * * * * * * * * * * * * * * * * * * * * * * * * * * * * * * * * * * * //


500
(
(0.038 0.001856590631 -0.0025)
(0.036 0.001855849521 -0.0025)
(0.034 0.001855108411 -0.0025)
(0.032 0.001854367302 -0.0025)
(0.03 0.001853626192 -0.0025)
(0.028 0.001852885082 -0.0025)
(0.026 0.001852143973 -0.0025)
(0.024 0.001851402863 -0.0025)
(0.022 0.001850661753 -0.0025)
(0.02 0.001849920643 -0.0025)
(0.018 0.001849179534 -0.0025)
(0.016 0.001848438424 -0.0025)
(0.014 0.001847697314 -0.0025)
(0.012 0.001846956205 -0.0025)
(0.01 0.001846215095 -0.0025)
(0.008 0.001845473985 -0.0025)
(0.006 0.001844732876 -0.0025)
(0.004 0.001843991766 -0.0025)
(0.002 0.001843250656 -0.0025)
(0.038 0.003861649757 -0.0025)
(0.036 0.003860798285 -0.0025)
(0.034 0.003859946812 -0.0025)
(0.032 0.003859095339 -0.0025)
(0.03 0.003858243866 -0.0025)
(0.028 0.003857392394 -0.0025)
(0.026 0.003856540921 -0.0025)
(0.024 0.003855689448 -0.0025)
(0.022 0.003854837975 -0.0025)
(0.02 0.003853986503 -0.0025)
(0.018 0.00385313503 -0.0025)
(0.016 0.003852283557 -0.0025)
(0.014 0.003851432084 -0.0025)
(0.012 0.003850580612 -0.0025)
(0.01 0.003849729139 -0.0025)
(0.008 0.003848877666 -0.0025)
(0.006 0.003848026193 -0.0025)
(0.004 0.003847174721 -0.0025)
(0.002 0.003846323248 -0.0025)
(0.038 0.006153676778 -0.0025)
(0.036 0.006152825306 -0.0025)
(0.034 0.006151973834 -0.0025)
(0.032 0.006151122362 -0.0025)
(0.03 0.00615027089 -0.0025)
(0.028 0.006149419418 -0.0025)
(0.026 0.006148567946 -0.0025)
(0.024 0.006147716475 -0.0025)
(0.022 0.006146865003 -0.0025)
(0.02 0.006146013531 -0.0025)
(0.018 0.006145162059 -0.0025)
(0.016 0.006144310587 -0.0025)
(0.014 0.006143459115 -0.0025)
(0.012 0.006142607643 -0.0025)
(0.01 0.006141756171 -0.0025)
(0.008 0.006140904699 -0.0025)
(0.006 0.006140053227 -0.0025)
(0.004 0.006139201755 -0.0025)
(0.002 0.006138350284 -0.0025)
(0.038 0.008156749339 -0.0025)
(0.036 0.00815600823 -0.0025)
(0.034 0.008155267121 -0.0025)
(0.032 0.008154526012 -0.0025)
(0.03 0.008153784903 -0.0025)
(0.028 0.008153043793 -0.0025)
(0.026 0.008152302684 -0.0025)
(0.024 0.008151561575 -0.0025)
(0.022 0.008150820466 -0.0025)
(0.02 0.008150079357 -0.0025)
(0.018 0.008149338247 -0.0025)
(0.016 0.008148597138 -0.0025)
(0.014 0.008147856029 -0.0025)
(0.012 0.00814711492 -0.0025)
(0.01 0.008146373811 -0.0025)
(0.008 0.008145632702 -0.0025)
(0.006 0.008144891592 -0.0025)
(0.004 0.008144150483 -0.0025)
(0.002 0.008143409374 -0.0025)
(0.002 0.008143409374 0.0025)
(0.004 0.008144150483 0.0025)
(0.006 0.008144891592 0.0025)
(0.008 0.008145632702 0.0025)
(0.01 0.008146373811 0.0025)
(0.012 0.00814711492 0.0025)
(0.014 0.008147856029 0.0025)
(0.016 0.008148597138 0.0025)
(0.018 0.008149338247 0.0025)
(0.02 0.008150079357 0.0025)
(0.022 0.008150820466 0.0025)
(0.024 0.008151561575 0.0025)
(0.026 0.008152302684 0.0025)
(0.028 0.008153043793 0.0025)
(0.03 0.008153784903 0.0025)
(0.032 0.008154526012 0.0025)
(0.034 0.008155267121 0.0025)
(0.036 0.00815600823 0.0025)
(0.038 0.008156749339 0.0025)
(0.002 0.006138350284 0.0025)
(0.004 0.006139201755 0.0025)
(0.006 0.006140053227 0.0025)
(0.008 0.006140904699 0.0025)
(0.01 0.006141756171 0.0025)
(0.012 0.006142607643 0.0025)
(0.014 0.006143459115 0.0025)
(0.016 0.006144310587 0.0025)
(0.018 0.006145162059 0.0025)
(0.02 0.006146013531 0.0025)
(0.022 0.006146865003 0.0025)
(0.024 0.006147716475 0.0025)
(0.026 0.006148567946 0.0025)
(0.028 0.006149419418 0.0025)
(0.03 0.00615027089 0.0025)
(0.032 0.006151122362 0.0025)
(0.034 0.006151973834 0.0025)
(0.036 0.006152825306 0.0025)
(0.038 0.006153676778 0.0025)
(0.002 0.003846323248 0.0025)
(0.004 0.003847174721 0.0025)
(0.006 0.003848026193 0.0025)
(0.008 0.003848877666 0.0025)
(0.01 0.003849729139 0.0025)
(0.012 0.003850580612 0.0025)
(0.014 0.003851432084 0.0025)
(0.016 0.003852283557 0.0025)
(0.018 0.00385313503 0.0025)
(0.02 0.003853986503 0.0025)
(0.022 0.003854837975 0.0025)
(0.024 0.003855689448 0.0025)
(0.026 0.003856540921 0.0025)
(0.028 0.003857392394 0.0025)
(0.03 0.003858243866 0.0025)
(0.032 0.003859095339 0.0025)
(0.034 0.003859946812 0.0025)
(0.036 0.003860798285 0.0025)
(0.038 0.003861649757 0.0025)
(0.002 0.001843250656 0.0025)
(0.004 0.001843991766 0.0025)
(0.006 0.001844732876 0.0025)
(0.008 0.001845473985 0.0025)
(0.01 0.001846215095 0.0025)
(0.012 0.001846956205 0.0025)
(0.014 0.001847697314 0.0025)
(0.016 0.001848438424 0.0025)
(0.018 0.001849179534 0.0025)
(0.02 0.001849920643 0.0025)
(0.022 0.001850661753 0.0025)
(0.024 0.001851402863 0.0025)
(0.026 0.001852143973 0.0025)
(0.028 0.001852885082 0.0025)
(0.03 0.001853626192 0.0025)
(0.032 0.001854367302 0.0025)
(0.034 0.001855108411 0.0025)
(0.036 0.001855849521 0.0025)
(0.038 0.001856590631 0.0025)
(0.038 0 0.0025)
(0.036 0 0.0025)
(0.034 0 0.0025)
(0.032 0 0.0025)
(0.03 0 0.0025)
(0.028 0 0.0025)
(0.026 0 0.0025)
(0.024 0 0.0025)
(0.022 0 0.0025)
(0.02 0 0.0025)
(0.018 0 0.0025)
(0.016 0 0.0025)
(0.014 0 0.0025)
(0.012 0 0.0025)
(0.01 0 0.0025)
(0.008 0 0.0025)
(0.006 0 0.0025)
(0.004 0 0.0025)
(0.002 0 0.0025)
(0 0 0.0025)
(0 0.001842509547 0.0025)
(0 0.003845471775 0.0025)
(0 0.006137498812 0.0025)
(0 0.008142668265 0.0025)
(0 0.01 0.0025)
(0.002 0.01 0.0025)
(0.004 0.01 0.0025)
(0.006 0.01 0.0025)
(0.008 0.01 0.0025)
(0.01 0.01 0.0025)
(0.012 0.01 0.0025)
(0.014 0.01 0.0025)
(0.016 0.01 0.0025)
(0.018 0.01 0.0025)
(0.02 0.01 0.0025)
(0.022 0.01 0.0025)
(0.024 0.01 0.0025)
(0.026 0.01 0.0025)
(0.028 0.01 0.0025)
(0.03 0.01 0.0025)
(0.032 0.01 0.0025)
(0.034 0.01 0.0025)
(0.036 0.01 0.0025)
(0.038 0.01 0.0025)
(0.04 0.01 0.0025)
(0.04 0.008157490448 0.0025)
(0.04 0.00615452825 0.0025)
(0.04 0.00386250123 0.0025)
(0.04 0.00185733174 0.0025)
(0.04 0 0.0025)
(0.04 0.00185733174 -0.0025)
(0.04 0.00386250123 -0.0025)
(0.04 0.00615452825 -0.0025)
(0.04 0.008157490448 -0.0025)
(0.04 0 -0.0025)
(0.04 0.01 -0.0025)
(0.038 0.01 -0.0025)
(0.036 0.01 -0.0025)
(0.034 0.01 -0.0025)
(0.032 0.01 -0.0025)
(0.03 0.01 -0.0025)
(0.028 0.01 -0.0025)
(0.026 0.01 -0.0025)
(0.024 0.01 -0.0025)
(0.022 0.01 -0.0025)
(0.02 0.01 -0.0025)
(0.018 0.01 -0.0025)
(0.016 0.01 -0.0025)
(0.014 0.01 -0.0025)
(0.012 0.01 -0.0025)
(0.01 0.01 -0.0025)
(0.008 0.01 -0.0025)
(0.006 0.01 -0.0025)
(0.004 0.01 -0.0025)
(0.002 0.01 -0.0025)
(0 0.01 -0.0025)
(0 0.008142668265 -0.0025)
(0 0.006137498812 -0.0025)
(0 0.003845471775 -0.0025)
(0 0.001842509547 -0.0025)
(0 0 -0.0025)
(0.002 0 -0.0025)
(0.004 0 -0.0025)
(0.006 0 -0.0025)
(0.008 0 -0.0025)
(0.01 0 -0.0025)
(0.012 0 -0.0025)
(0.014 0 -0.0025)
(0.016 0 -0.0025)
(0.018 0 -0.0025)
(0.02 0 -0.0025)
(0.022 0 -0.0025)
(0.024 0 -0.0025)
(0.026 0 -0.0025)
(0.028 0 -0.0025)
(0.03 0 -0.0025)
(0.032 0 -0.0025)
(0.034 0 -0.0025)
(0.036 0 -0.0025)
(0.038 0 -0.0025)
(0.001333333333 0.01160806526 -0.0025)
(0.001333333333 0.01334654647 -0.0025)
(0.002666666667 0.01160797851 -0.0025)
(0.002666666667 0.01334645628 -0.0025)
(0.004 0.01160789176 -0.0025)
(0.004 0.01334636609 -0.0025)
(0.005333333333 0.01160780501 -0.0025)
(0.005333333333 0.0133462759 -0.0025)
(0.006666666667 0.01160771826 -0.0025)
(0.006666666667 0.01334618571 -0.0025)
(0.008 0.01160763151 -0.0025)
(0.008 0.01334609552 -0.0025)
(0.009333333333 0.01160754476 -0.0025)
(0.009333333333 0.01334600533 -0.0025)
(0.01066666667 0.01160745801 -0.0025)
(0.01066666667 0.01334591514 -0.0025)
(0.012 0.01160737126 -0.0025)
(0.012 0.01334582496 -0.0025)
(0.01333333333 0.01160728451 -0.0025)
(0.01333333333 0.01334573477 -0.0025)
(0.01466666667 0.01160719776 -0.0025)
(0.01466666667 0.01334564458 -0.0025)
(0.016 0.01160711101 -0.0025)
(0.016 0.01334555439 -0.0025)
(0.01733333333 0.01160702426 -0.0025)
(0.01733333333 0.0133454642 -0.0025)
(0.01866666667 0.01160693751 -0.0025)
(0.01866666667 0.01334537401 -0.0025)
(0.02 0.01160685076 -0.0025)
(0.02 0.01334528382 -0.0025)
(0.02133333333 0.01160676401 -0.0025)
(0.02133333333 0.01334519363 -0.0025)
(0.02266666667 0.01160667727 -0.0025)
(0.02266666667 0.01334510344 -0.0025)
(0.024 0.01160659052 -0.0025)
(0.024 0.01334501325 -0.0025)
(0.02533333333 0.01160650377 -0.0025)
(0.02533333333 0.01334492306 -0.0025)
(0.02666666667 0.01160641702 -0.0025)
(0.02666666667 0.01334483287 -0.0025)
(0.028 0.01160633027 -0.0025)
(0.028 0.01334474268 -0.0025)
(0.02933333333 0.01160624352 -0.0025)
(0.02933333333 0.01334465249 -0.0025)
(0.03066666667 0.01160615677 -0.0025)
(0.03066666667 0.0133445623 -0.0025)
(0.032 0.01160607002 -0.0025)
(0.032 0.01334447211 -0.0025)
(0.03333333333 0.01160598327 -0.0025)
(0.03333333333 0.01334438192 -0.0025)
(0.03466666667 0.01160589652 -0.0025)
(0.03466666667 0.01334429173 -0.0025)
(0.036 0.01160580977 -0.0025)
(0.036 0.01334420154 -0.0025)
(0.03733333333 0.01160572302 -0.0025)
(0.03733333333 0.01334411135 -0.0025)
(0.03866666667 0.01160563627 -0.0025)
(0.03866666667 0.01334402116 -0.0025)
(0.03866666667 0.01334402116 0.0025)
(0.03866666667 0.01160563627 0.0025)
(0.03733333333 0.01334411135 0.0025)
(0.03733333333 0.01160572302 0.0025)
(0.036 0.01334420154 0.0025)
(0.036 0.01160580977 0.0025)
(0.03466666667 0.01334429173 0.0025)
(0.03466666667 0.01160589652 0.0025)
(0.03333333333 0.01334438192 0.0025)
(0.03333333333 0.01160598327 0.0025)
(0.032 0.01334447211 0.0025)
(0.032 0.01160607002 0.0025)
(0.03066666667 0.0133445623 0.0025)
(0.03066666667 0.01160615677 0.0025)
(0.02933333333 0.01334465249 0.0025)
(0.02933333333 0.01160624352 0.0025)
(0.028 0.01334474268 0.0025)
(0.028 0.01160633027 0.0025)
(0.02666666667 0.01334483287 0.0025)
(0.02666666667 0.01160641702 0.0025)
(0.02533333333 0.01334492306 0.0025)
(0.02533333333 0.01160650377 0.0025)
(0.024 0.01334501325 0.0025)
(0.024 0.01160659052 0.0025)
(0.02266666667 0.01334510344 0.0025)
(0.02266666667 0.01160667727 0.0025)
(0.02133333333 0.01334519363 0.0025)
(0.02133333333 0.01160676401 0.0025)
(0.02 0.01334528382 0.0025)
(0.02 0.01160685076 0.0025)
(0.01866666667 0.01334537401 0.0025)
(0.01866666667 0.01160693751 0.0025)
(0.01733333333 0.0133454642 0.0025)
(0.01733333333 0.01160702426 0.0025)
(0.016 0.01334555439 0.0025)
(0.016 0.01160711101 0.0025)
(0.01466666667 0.01334564458 0.0025)
(0.01466666667 0.01160719776 0.0025)
(0.01333333333 0.01334573477 0.0025)
(0.01333333333 0.01160728451 0.0025)
(0.012 0.01334582496 0.0025)
(0.012 0.01160737126 0.0025)
(0.01066666667 0.01334591514 0.0025)
(0.01066666667 0.01160745801 0.0025)
(0.009333333333 0.01334600533 0.0025)
(0.009333333333 0.01160754476 0.0025)
(0.008 0.01334609552 0.0025)
(0.008 0.01160763151 0.0025)
(0.006666666667 0.01334618571 0.0025)
(0.006666666667 0.01160771826 0.0025)
(0.005333333333 0.0133462759 0.0025)
(0.005333333333 0.01160780501 0.0025)
(0.004 0.01334636609 0.0025)
(0.004 0.01160789176 0.0025)
(0.002666666667 0.01334645628 0.0025)
(0.002666666667 0.01160797851 0.0025)
(0.001333333333 0.01334654647 0.0025)
(0.001333333333 0.01160806526 0.0025)
(0 0.01160815201 0.0025)
(0 0.01334663666 0.0025)
(0 0.015 0.0025)
(0.001333333333 0.015 0.0025)
(0.002666666667 0.015 0.0025)
(0.004 0.015 0.0025)
(0.005333333333 0.015 0.0025)
(0.006666666667 0.015 0.0025)
(0.008 0.015 0.0025)
(0.009333333333 0.015 0.0025)
(0.01066666667 0.015 0.0025)
(0.012 0.015 0.0025)
(0.01333333333 0.015 0.0025)
(0.01466666667 0.015 0.0025)
(0.016 0.015 0.0025)
(0.01733333333 0.015 0.0025)
(0.01866666667 0.015 0.0025)
(0.02 0.015 0.0025)
(0.02133333333 0.015 0.0025)
(0.02266666667 0.015 0.0025)
(0.024 0.015 0.0025)
(0.02533333333 0.015 0.0025)
(0.02666666667 0.015 0.0025)
(0.028 0.015 0.0025)
(0.02933333333 0.015 0.0025)
(0.03066666667 0.015 0.0025)
(0.032 0.015 0.0025)
(0.03333333333 0.015 0.0025)
(0.03466666667 0.015 0.0025)
(0.036 0.015 0.0025)
(0.03733333333 0.015 0.0025)
(0.03866666667 0.015 0.0025)
(0.04 0.015 0.0025)
(0.04 0.01334393097 0.0025)
(0.04 0.01160554952 0.0025)
(0.04 0.01 0.0025)
(0.03866666667 0.01 0.0025)
(0.03733333333 0.01 0.0025)
(0.036 0.01 0.0025)
(0.03466666667 0.01 0.0025)
(0.03333333333 0.01 0.0025)
(0.032 0.01 0.0025)
(0.03066666667 0.01 0.0025)
(0.02933333333 0.01 0.0025)
(0.028 0.01 0.0025)
(0.02666666667 0.01 0.0025)
(0.02533333333 0.01 0.0025)
(0.024 0.01 0.0025)
(0.02266666667 0.01 0.0025)
(0.02133333333 0.01 0.0025)
(0.02 0.01 0.0025)
(0.01866666667 0.01 0.0025)
(0.01733333333 0.01 0.0025)
(0.016 0.01 0.0025)
(0.01466666667 0.01 0.0025)
(0.01333333333 0.01 0.0025)
(0.012 0.01 0.0025)
(0.01066666667 0.01 0.0025)
(0.009333333333 0.01 0.0025)
(0.008 0.01 0.0025)
(0.006666666667 0.01 0.0025)
(0.005333333333 0.01 0.0025)
(0.004 0.01 0.0025)
(0.002666666667 0.01 0.0025)
(0.001333333333 0.01 0.0025)
(0 0.01 0.0025)
(0.001333333333 0.01 -0.0025)
(0.002666666667 0.01 -0.0025)
(0.004 0.01 -0.0025)
(0.005333333333 0.01 -0.0025)
(0.006666666667 0.01 -0.0025)
(0.008 0.01 -0.0025)
(0.009333333333 0.01 -0.0025)
(0.01066666667 0.01 -0.0025)
(0.012 0.01 -0.0025)
(0.01333333333 0.01 -0.0025)
(0.01466666667 0.01 -0.0025)
(0.016 0.01 -0.0025)
(0.01733333333 0.01 -0.0025)
(0.01866666667 0.01 -0.0025)
(0.02 0.01 -0.0025)
(0.02133333333 0.01 -0.0025)
(0.02266666667 0.01 -0.0025)
(0.024 0.01 -0.0025)
(0.02533333333 0.01 -0.0025)
(0.02666666667 0.01 -0.0025)
(0.028 0.01 -0.0025)
(0.02933333333 0.01 -0.0025)
(0.03066666667 0.01 -0.0025)
(0.032 0.01 -0.0025)
(0.03333333333 0.01 -0.0025)
(0.03466666667 0.01 -0.0025)
(0.036 0.01 -0.0025)
(0.03733333333 0.01 -0.0025)
(0.03866666667 0.01 -0.0025)
(0 0.01 -0.0025)
(0.04 0.01 -0.0025)
(0.04 0.01160554952 -0.0025)
(0.04 0.01334393097 -0.0025)
(0.04 0.015 -0.0025)
(0.03866666667 0.015 -0.0025)
(0.03733333333 0.015 -0.0025)
(0.036 0.015 -0.0025)
(0.03466666667 0.015 -0.0025)
(0.03333333333 0.015 -0.0025)
(0.032 0.015 -0.0025)
(0.03066666667 0.015 -0.0025)
(0.02933333333 0.015 -0.0025)
(0.028 0.015 -0.0025)
(0.02666666667 0.015 -0.0025)
(0.02533333333 0.015 -0.0025)
(0.024 0.015 -0.0025)
(0.02266666667 0.015 -0.0025)
(0.02133333333 0.015 -0.0025)
(0.02 0.015 -0.0025)
(0.01866666667 0.015 -0.0025)
(0.01733333333 0.015 -0.0025)
(0.016 0.015 -0.0025)
(0.01466666667 0.015 -0.0025)
(0.01333333333 0.015 -0.0025)
(0.012 0.015 -0.0025)
(0.01066666667 0.015 -0.0025)
(0.009333333333 0.015 -0.0025)
(0.008 0.015 -0.0025)
(0.006666666667 0.015 -0.0025)
(0.005333333333 0.015 -0.0025)
(0.004 0.015 -0.0025)
(0.002666666667 0.015 -0.0025)
(0.001333333333 0.015 -0.0025)
(0 0.015 -0.0025)
(0 0.01334663666 -0.0025)
(0 0.01160815201 -0.0025)
)


// ************************************************************************* //
